 puntos x  f(x) 
   0.0000000000000000        0.0000000000000000     
   4.5226130653266330E-003   4.5124167818619927E-003
   9.0452261306532659E-003   9.0045630930817525E-003
   1.3567839195979901E-002   1.3476620235673718E-002
   1.8090452261306532E-002   1.7928767090090645E-002
   2.2613065326633167E-002   2.2361180158157325E-002
   2.7135678391959801E-002   2.6774033605057024E-002
   3.1658291457286429E-002   3.1167499300395550E-002
   3.6180904522613064E-002   3.5541746858367224E-002
   4.0703517587939698E-002   3.9896943677046152E-002
   4.5226130653266333E-002   4.4233254976825662E-002
   4.9748743718592968E-002   4.8550843838027796E-002
   5.4271356783919603E-002   5.2849871237704502E-002
   5.8793969849246237E-002   5.7130496085651059E-002
   6.3316582914572858E-002   6.1392875259651820E-002
   6.7839195979899500E-002   6.5637163639979040E-002
   7.2361809045226128E-002   6.9863514143160513E-002
   7.6884422110552769E-002   7.4072077755038865E-002
   8.1407035175879397E-002   7.8263003563136896E-002
   8.5929648241206039E-002   8.2436438788347846E-002
   9.0452261306532666E-002   8.6592528815967101E-002
   9.4974874371859308E-002   9.0731417226081759E-002
   9.9497487437185936E-002   9.4853245823333709E-002
  0.10402010050251256        9.8958154666072107E-002
  0.10854271356783921       0.10304628209490968     
  0.11306532663316583       0.10711776476069793     
  0.11758793969849247       0.11117273765193492     
  0.12211055276381910       0.11521133412161980     
  0.12663316582914572       0.11923368591356716     
  0.13115577889447236       0.12323992318819418     
  0.13567839195979900       0.12723017454779351     
  0.14020100502512564       0.13120456706130368     
  0.14472361809045226       0.13516322628858940     
  0.14924623115577890       0.13910627630424310     
  0.15376884422110554       0.14303383972091901     
  0.15829145728643215       0.14694603771221088     
  0.16281407035175879       0.15084299003508386     
  0.16733668341708544       0.15472481505187113     
  0.17185929648241208       0.15859162975184501     
  0.17638190954773869       0.16244354977237260     
  0.18090452261306533       0.16628068941966648     
  0.18542713567839195       0.17010316168913686     
  0.18994974874371862       0.17391107828535815     
  0.19447236180904523       0.17770454964165577     
  0.19899497487437187       0.18148368493932329     
  0.20351758793969849       0.18524859212647748     
  0.20804020100502513       0.18899937793656008     
  0.21256281407035177       0.19273614790649363     
  0.21708542713567841       0.19645900639449945     
  0.22160804020100502       0.20016805659758527     
  0.22613065326633167       0.20386340056870947     
  0.23065326633165828       0.20754513923362966     
  0.23517587939698495       0.21121337240744203     
  0.23969849246231156       0.21486819881081862     
  0.24422110552763820       0.21850971608594866     
  0.24874371859296482       0.22213802081219103     
  0.25326633165829143       0.22575320852144370     
  0.25778894472361813       0.22935537371323617     
  0.26231155778894472       0.23294460986955126     
  0.26683417085427136       0.23652100946938179     
  0.27135678391959800       0.24008466400302789     
  0.27587939698492464       0.24363566398614042     
  0.28040201005025128       0.24717409897351594     
  0.28492462311557792       0.25070005757264863     
  0.28944723618090451       0.25421362745704373     
  0.29396984924623115       0.25771489537929854     
  0.29849246231155779       0.26120394718395445     
  0.30301507537688444       0.26468086782012640     
  0.30753768844221108       0.26814574135391261     
  0.31206030150753772       0.27159865098059088     
  0.31658291457286430       0.27503967903660442     
  0.32110552763819095       0.27846890701134308     
  0.32562814070351759       0.28188641555872179     
  0.33015075376884423       0.28529228450856314     
  0.33467336683417087       0.28868659287778636     
  0.33919597989949751       0.29206941888140681     
  0.34371859296482415       0.29544083994335041     
  0.34824120603015074       0.29880093270708608     
  0.35276381909547738       0.30214977304608032     
  0.35728643216080408       0.30548743607407752     
  0.36180904522613067       0.30881399615520849     
  0.36633165829145731       0.31212952691393264     
  0.37085427135678389       0.31543410124481464     
  0.37537688442211059       0.31872779132214102     
  0.37989949748743723       0.32201066860937833     
  0.38442211055276382       0.32528280386847680     
  0.38894472361809046       0.32854426716902246     
  0.39346733668341705       0.33179512789723986     
  0.39798994974874374       0.33503545476485019     
  0.40251256281407038       0.33826531581778413     
  0.40703517587939697       0.34148477844475711     
  0.41155778894472367       0.34469390938570565     
  0.41608040201005025       0.34789277474008740     
  0.42060301507537690       0.35108143997505220     
  0.42512562814070354       0.35425996993347997     
  0.42964824120603012       0.35742842884189313     
  0.43417085427135682       0.36058688031824360     
  0.43869346733668341       0.36373538737957695     
  0.44321608040201005       0.36687401244957668     
  0.44773869346733675       0.37000281736599039     
  0.45226130653266333       0.37312186338793973     
  0.45678391959798997       0.37623121120311737     
  0.46130653266331656       0.37933092093487186     
  0.46582914572864326       0.38242105214918332     
  0.47035175879396990       0.38550166386153151     
  0.47487437185929648       0.38857281454365872     
  0.47939698492462313       0.39163456213022879     
  0.48391959798994971       0.39468696402538461     
  0.48844221105527641       0.39773007710920605     
  0.49296482412060305       0.40076395774406959     
  0.49748743718592964       0.40378866178091211     
  0.50201005025125633       0.40680424456539982     
  0.50653266331658287       0.40981076094400498     
  0.51105527638190951       0.41280826526999104     
  0.51557788944723626       0.41579681140930869     
  0.52010050251256279       0.41877645274640379     
  0.52462311557788943       0.42174724218993953     
  0.52914572864321607       0.42470923217843304     
  0.53366834170854272       0.42766247468580965     
  0.53819095477386936       0.43060702122687450     
  0.54271356783919600       0.43354292286270485     
  0.54723618090452264       0.43647023020596237     
  0.55175879396984928       0.43938899342612880     
  0.55628140703517592       0.44229926225466482     
  0.56080402010050256       0.44520108599009439     
  0.56532663316582910       0.44809451350301538     
  0.56984924623115585       0.45097959324103865     
  0.57437185929648238       0.45385637323365363     
  0.57889447236180902       0.45672490109702835     
  0.58341708542713577       0.45958522403873664     
  0.58793969849246230       0.46243738886241970     
  0.59246231155778895       0.46528144197238269     
  0.59698492462311559       0.46811742937812323     
  0.60150753768844223       0.47094539669879837     
  0.60603015075376887       0.47376538916762723     
  0.61055276381909551       0.47657745163623233     
  0.61507537688442215       0.47938162857891986     
  0.61959798994974868       0.48217796409689967     
  0.62412060301507544       0.48496650192244795     
  0.62864321608040208       0.48774728542300932     
  0.63316582914572861       0.49052035760524498     
  0.63768844221105525       0.49328576111902339     
  0.64221105527638189       0.49604353826135533     
  0.64673366834170865       0.49879373098027657     
  0.65125628140703518       0.50153638087867525     
  0.65577889447236182       0.50427152921806950     
  0.66030150753768846       0.50699921692233052     
  0.66482412060301510       0.50971948458135774     
  0.66934673366834174       0.51243237245470208     
  0.67386934673366827       0.51513792047514151     
  0.67839195979899503       0.51783616825220802     
  0.68291457286432167       0.52052715507566649     
  0.68743718592964831       0.52321091991894797     
  0.69195979899497495       0.52588750144253638     
  0.69648241206030148       0.52855693799730963     
  0.70100502512562812       0.53121926762783733     
  0.70552763819095476       0.53387452807563351     
  0.71005025125628152       0.53652275678236760     
  0.71457286432160816       0.53916399089303169     
  0.71909547738693469       0.54179826725906666     
  0.72361809045226133       0.54442562244144754     
  0.72814070351758797       0.54704609271372817     
  0.73266331658291461       0.54965971406504566     
  0.73718592964824126       0.55226652220308647     
  0.74170854271356779       0.55486655255701334     
  0.74623115577889443       0.55745984028035445     
  0.75075376884422118       0.56004642025385543     
  0.75527638190954782       0.56262632708829396     
  0.75979899497487446       0.56519959512725915     
  0.76432160804020099       0.56776625844989426     
  0.76884422110552764       0.57032635087360473     
  0.77336683417085428       0.57287990595673211     
  0.77788944723618092       0.57542695700119262     
  0.78241206030150767       0.57796753705508386     
  0.78693467336683409       0.58050167891525706     
  0.79145728643216084       0.58302941512985829     
  0.79597989949748749       0.58555077800083533     
  0.80050251256281413       0.58806579958641580     
  0.80502512562814077       0.59057451170355224     
  0.80954773869346730       0.59307694593033711     
  0.81407035175879394       0.59557313360838848     
  0.81859296482412058       0.59806310584520439     
  0.82311557788944734       0.60054689351648927     
  0.82763819095477398       0.60302452726845113     
  0.83216080402010051       0.60549603752007031     
  0.83668341708542715       0.60796145446534078     
  0.84120603015075379       0.61042080807548282     
  0.84572864321608043       0.61287412810112929     
  0.85025125628140708       0.61532144407448508     
  0.85477386934673361       0.61776278531146045     
  0.85929648241206025       0.62019818091377765     
  0.86381909547738700       0.62262765977105272     
  0.86834170854271364       0.62505125056285127     
  0.87286432160804028       0.62746898176072041     
  0.87738693467336681       0.62988088163019507     
  0.88190954773869346       0.63228697823278168     
  0.88643216080402010       0.63468729942791602     
  0.89095477386934674       0.63708187287489915     
  0.89547738693467349       0.63947072603481014     
  0.90000000000000002       0.64185388617239469     
