 puntos x  pn(x)
   0.0000000000000000        0.0000000000000000     
   4.5226130653266330E-003   4.1726458579292060E-003
   9.0452261306532659E-003   8.3357235396462632E-003
   1.3567839195979901E-002   1.2489233045151184E-002
   1.8090452261306532E-002   1.6633174374443938E-002
   2.2613065326633167E-002   2.0767547527524566E-002
   2.7135678391959801E-002   2.4892352504393027E-002
   3.1658291457286429E-002   2.9007589305049375E-002
   3.6180904522613064E-002   3.3113257929493545E-002
   4.0703517587939698E-002   3.7209358377725550E-002
   4.5226130653266333E-002   4.1295890649745447E-002
   4.9748743718592968E-002   4.5372854745553165E-002
   5.4271356783919603E-002   4.9440250665148774E-002
   5.8793969849246237E-002   5.3498078408532199E-002
   6.3316582914572858E-002   5.7546337975703507E-002
   6.7839195979899500E-002   6.1585029366662616E-002
   7.2361809045226128E-002   6.5614152581409624E-002
   7.6884422110552769E-002   6.9633707619944488E-002
   8.1407035175879397E-002   7.3643694482267180E-002
   8.5929648241206039E-002   7.7644113168377701E-002
   9.0452261306532666E-002   8.1634963678276121E-002
   9.4974874371859308E-002   8.5616246011962410E-002
   9.9497487437185936E-002   8.9587960169436501E-002
  0.10402010050251256        9.3550106150698462E-002
  0.10854271356783921        9.7502683955748265E-002
  0.11306532663316583       0.10144569358458597     
  0.11758793969849247       0.10537913503721147     
  0.12211055276381910       0.10930300831362483     
  0.12663316582914572       0.11321731341382613     
  0.13115577889447236       0.11712205033781514     
  0.13567839195979900       0.12101721908559207     
  0.14020100502512564       0.12490281965715688     
  0.14472361809045226       0.12877885205250947     
  0.14924623115577890       0.13264531627164997     
  0.15376884422110554       0.13650221231457838     
  0.15829145728643215       0.14034954018129450     
  0.16281407035175879       0.14418729987179849     
  0.16733668341708544       0.14801549138609046     
  0.17185929648241208       0.15183411472417016     
  0.17638190954773869       0.15564316988603780     
  0.18090452261306533       0.15944265687169329     
  0.18542713567839195       0.16323257568113658     
  0.18994974874371862       0.16701292631436776     
  0.19447236180904523       0.17078370877138677     
  0.19899497487437187       0.17454492305219366     
  0.20351758793969849       0.17829656915678838     
  0.20804020100502513       0.18203864708517090     
  0.21256281407035177       0.18577115683734133     
  0.21708542713567841       0.18949409841329964     
  0.22160804020100502       0.19320747181304573     
  0.22613065326633167       0.19691127703657973     
  0.23065326633165828       0.20060551408390156     
  0.23517587939698495       0.20429018295501122     
  0.23969849246231156       0.20796528364990877     
  0.24422110552763820       0.21163081616859414     
  0.24874371859296482       0.21528678051106737     
  0.25326633165829143       0.21893317667732856     
  0.25778894472361813       0.22257000466737750     
  0.26231155778894472       0.22619726448121433     
  0.26683417085427136       0.22981495611883890     
  0.27135678391959800       0.23342307958025141     
  0.27587939698492464       0.23702163486545186     
  0.28040201005025128       0.24061062197444003     
  0.28492462311557792       0.24419004090721613     
  0.28944723618090451       0.24775989166377985     
  0.29396984924623115       0.25132017424413172     
  0.29849246231155779       0.25487088864827145     
  0.30301507537688444       0.25841203487619879     
  0.30753768844221108       0.26194361292791418     
  0.31206030150753772       0.26546562280341729     
  0.31658291457286430       0.26897806450270823     
  0.32110552763819095       0.27248093802578721     
  0.32562814070351759       0.27597424337265380     
  0.33015075376884423       0.27945798054330850     
  0.33467336683417087       0.28293214953775103     
  0.33919597989949751       0.28639675035598133     
  0.34371859296482415       0.28985178299799941     
  0.34824120603015074       0.29329724746380548     
  0.35276381909547738       0.29673314375339932     
  0.35728643216080408       0.30015947186678094     
  0.36180904522613067       0.30357623180395066     
  0.36633165829145731       0.30698342356490793     
  0.37085427135678389       0.31038104714965331     
  0.37537688442211059       0.31376910255818641     
  0.37989949748743723       0.31714758979050717     
  0.38442211055276382       0.32051650884661614     
  0.38894472361809046       0.32387585972651278     
  0.39346733668341705       0.32722564243019725     
  0.39798994974874374       0.33056585695766982     
  0.40251256281407038       0.33389650330892989     
  0.40703517587939697       0.33721758148397807     
  0.41155778894472367       0.34052909148281396     
  0.41608040201005025       0.34383103330543774     
  0.42060301507537690       0.34712340695184940     
  0.42512562814070354       0.35040621242204895     
  0.42964824120603012       0.35367944971603604     
  0.43417085427135682       0.35694311883381147     
  0.43869346733668341       0.36019721977537444     
  0.44321608040201005       0.36344175254072542     
  0.44773869346733675       0.36667671712986427     
  0.45226130653266333       0.36990211354279073     
  0.45678391959798997       0.37311794177950530     
  0.46130653266331656       0.37632420184000748     
  0.46582914572864326       0.37952089372429765     
  0.47035175879396990       0.38270801743237559     
  0.47487437185929648       0.38588557296424164     
  0.47939698492462313       0.38905356031989524     
  0.48391959798994971       0.39221197949933689     
  0.48844221105527641       0.39536083050256632     
  0.49296482412060305       0.39850011332958363     
  0.49748743718592964       0.40162982798038871     
  0.50201005025125633       0.40474997445498173     
  0.50653266331658287       0.40786055275336253     
  0.51105527638190951       0.41096156287553109     
  0.51557788944723626       0.41405300482148771     
  0.52010050251256279       0.41713487859123211     
  0.52462311557788943       0.42020718418476438     
  0.52914572864321607       0.42326992160208443     
  0.53366834170854272       0.42632309084319231     
  0.53819095477386936       0.42936669190808824     
  0.54271356783919600       0.43240072479677188     
  0.54723618090452264       0.43542518950924336     
  0.55175879396984928       0.43844008604550277     
  0.55628140703517592       0.44144541440554996     
  0.56080402010050256       0.44444117458938504     
  0.56532663316582910       0.44742736659700783     
  0.56984924623115585       0.45040399042841872     
  0.57437185929648238       0.45337104608361722     
  0.57889447236180902       0.45632853356260372     
  0.58341708542713577       0.45927645286537822     
  0.58793969849246230       0.46221480399194026     
  0.59246231155778895       0.46514358694229030     
  0.59698492462311559       0.46806280171642828     
  0.60150753768844223       0.47097244831435403     
  0.60603015075376887       0.47387252673606761     
  0.61055276381909551       0.47676303698156908     
  0.61507537688442215       0.47964397905085832     
  0.61959798994974868       0.48251535294393544     
  0.62412060301507544       0.48537715866080050     
  0.62864321608040208       0.48822939620145339     
  0.63316582914572861       0.49107206556589400     
  0.63768844221105525       0.49390516675412260     
  0.64221105527638189       0.49672869976613898     
  0.64673366834170865       0.49954266460194330     
  0.65125628140703518       0.50234706126153539     
  0.65577889447236182       0.50514188974491547     
  0.66030150753768846       0.50792715005208311     
  0.66482412060301510       0.51070284218303885     
  0.66934673366834174       0.51346896613778237     
  0.67386934673366827       0.51622552191631377     
  0.67839195979899503       0.51897250951863305     
  0.68291457286432167       0.52170992894474011     
  0.68743718592964831       0.52443778019463505     
  0.69195979899497495       0.52715606326831788     
  0.69648241206030148       0.52986477816578836     
  0.70100502512562812       0.53256392488704696     
  0.70552763819095476       0.53525350343209321     
  0.71005025125628152       0.53793351380092758     
  0.71457286432160816       0.54060395599354960     
  0.71909547738693469       0.54326483000995940     
  0.72361809045226133       0.54591613585015719     
  0.72814070351758797       0.54855787351414276     
  0.73266331658291461       0.55119004300191632     
  0.73718592964824126       0.55381264431347765     
  0.74170854271356779       0.55642567744882676     
  0.74623115577889443       0.55902914240796375     
  0.75075376884422118       0.56162303919088874     
  0.75527638190954782       0.56420736779760139     
  0.75979899497487446       0.56678212822810203     
  0.76432160804020099       0.56934732048239045     
  0.76884422110552764       0.57190294456046664     
  0.77336683417085428       0.57444900046233083     
  0.77788944723618092       0.57698548818798279     
  0.78241206030150767       0.57951240773742274     
  0.78693467336683409       0.58202975911065025     
  0.79145728643216084       0.58453754230766597     
  0.79597989949748749       0.58703575732846924     
  0.80050251256281413       0.58952440417306051     
  0.80502512562814077       0.59200348284143967     
  0.80954773869346730       0.59447299333360648     
  0.81407035175879394       0.59693293564956140     
  0.81859296482412058       0.59938330978930399     
  0.82311557788944734       0.60182411575283457     
  0.82763819095477398       0.60425535354015292     
  0.83216080402010051       0.60667702315125915     
  0.83668341708542715       0.60908912458615316     
  0.84120603015075379       0.61149165784483517     
  0.84572864321608043       0.61388462292730483     
  0.85025125628140708       0.61626801983356250     
  0.85477386934673361       0.61864184856360793     
  0.85929648241206025       0.62100610911744125     
  0.86381909547738700       0.62336080149506246     
  0.86834170854271364       0.62570592569647154     
  0.87286432160804028       0.62804148172166852     
  0.87738693467336681       0.63036746957065326     
  0.88190954773869346       0.63268388924342567     
  0.88643216080402010       0.63499074073998607     
  0.89095477386934674       0.63728802406033447     
  0.89547738693467349       0.63957573920447075     
  0.90000000000000002       0.64185388617239469     
